2833
2141
3821
3928
7850
4150
3098
2878
1526
1585
2243
3002
2121
4982
9203
5792
1903
3987
1648
5418
1267
7286
8683
2057
1853
7461
1276
9928
8174
8695
8914
9646
8447
8514
4186
352
4697
9532
8637
7181
1083
787
630
2394
6021
5013
7508
3637
6248
752
8784
1798
5313
7076
277
6909
4493
6299
6701
2114
6769
9847
4286
1704
9241
682
6682
5377
6399
7628
7216
4661
4778
7325
1649
8738
7719
7337
6212
810
7465
4611
2876
1479
9394
759
3200
6666
66
1314
3720
8063
6557
1629
1047
8117
6780
4667
3783
2304
382
9175
7037
8708
3682
3122
8129
7293
5500
7279
3869
8385
2537
486
7152
2960
6781
3925
5739
3735
279
880
1573
7946
5662
2078
7140
5412
5977
8851
8001
71
2617
6665
3036
8271
6572
7027
9879
9949
8219
7313
2657
5999
6480
3688
9317
6611
9971
7167
805
1937
8811
7880
1150
7391
3266
5161
7042
513
8254
9059
5379
6352
3772
4813
7275
9982
1810
7878
3764
5174
919
5704
8570
4446
1757
3843
1316
5811
4418
8551
3977
2200
1799
5658
8672
2640
5586
6573
4563
3970
6943
7451
2127
3005
6541
1955
7828
2856
2054
2339
425
9583
6599
2074
6346
4881
7525
7102
5511
195
4150
2991
1177
2123
7618
3647
7020
6879
3695
5684
7691
9478
716
7696
858
8089
8435
2859
1229
6160
6678
3835
189
9570
8364
4909
5904
4952
7385
9133
5714
3064
3946
5395
237
9810
9236
5792
5512
4390
4326
3235
2909
2702
5536
8963
5785
301
6576
4572
3623
4516
6051
2724
3183
764
6654
1351
6992
8254
4422
6501
1285
4554
9830
6267
7093
6500
7746
2630
6075
7076
5181
6752
5653
439
9682
3570
9203
4967
2457
5366
6801
871
7131
1331
4717
7245
6201
3050
4869
7599
4964
8788
4141
4171
7246
2472
1825
2505
6393
8707
1909
8293
3418
6162
8006
6459
5987
9794
1610
8147
7392
2269
8613
1872
6338
5650
2213
2633
2429
9785
775
1343
1382
2451
8951
231
7361
7034
4859
1626
8495
9308
8947
5374
2589
4632
3835
6201
2205
802
1716
7880
2504
8283
8520
6384
4429
5047
7364
3805
1835
1821
7047
1464
8978
7840
6746
117
3711
3217
5558
4191
4667
9520
3310
4184
6148
7268
4906
9481
7441
2266
6298
5930
8994
3335
4579
9356
7817
3860
2335
3787
7224
6103
7852
3943
6010
1858
904
3221
5680
5601
6721
6217
1178
9956
6269
6416
6502
7063
7727
4635
1992
638
3362
4341
455
5169
1578
4175
6231
8886
7933
8333
8604
4683
3671
3536
650
1913
2906
9869
2673
6065
1655
3101
2171
4470
9884
1250
4402
420
4440
5301
1003
2278
7664
9217
400
1402
6311
2919
6518
5989
8788
2331
5138
3011
8370
7540
1245
9188
5694
3843
5447
4490
4820
3582
2763
3865
6094
3512
9597
2759
3792
8868
2339
9133
6361
7910
7124
4756
7868
9802
9084
7885
2015
8194
9785
3266
1672
9292
4249
6877
5805
7355
