117
231
420
455
638
650
775
802
904
1003
1178
1250
1343
1382
1464
1578
1610
1626
1655
1716
1821
1825
1835
1858
1872
1909
1913
1992
2171
2205
2213
2266
2269
2278
2335
2429
2451
2472
2504
2505
2589
2633
2673
2906
3050
3101
3217
3221
3310
3335
3362
3418
3536
3671
3711
3787
3805
3835
3860
3943
4141
4171
4175
4184
4191
4341
4402
4429
4440
4470
4579
4632
4635
4667
4683
4859
4869
4906
4964
5047
5169
5301
5374
5558
5601
5650
5680
5930
5987
6010
6065
6103
6148
6162
6201
6201
6217
6231
6269
6298
6338
6384
6393
6416
6459
6502
6721
6746
7034
7047
7063
7224
7246
7268
7361
7364
7392
7441
7599
7727
7817
7840
7852
7880
7933
8006
8147
8283
8293
8333
8495
8520
8604
8613
8707
8788
8886
8947
8951
8978
8994
9308
9356
9481
9520
9785
9794
9869
9884
9956
