189
195
237
301
425
439
513
716
764
805
858
871
919
1150
1177
1229
1285
1316
1331
1351
1757
1799
1810
1937
1955
2054
2074
2123
2127
2200
2339
2457
2630
2640
2702
2724
2856
2859
2909
2991
3005
3064
3183
3235
3266
3570
3623
3647
3695
3764
3772
3835
3843
3946
3970
3977
4150
4326
4390
4418
4422
4446
4516
4554
4563
4572
4717
4813
4881
4909
4952
4967
5161
5174
5181
5366
5379
5395
5511
5512
5536
5586
5653
5658
5684
5704
5714
5785
5792
5811
5904
6051
6075
6160
6267
6346
6352
6500
6501
6541
6573
6576
6599
6654
6678
6752
6801
6879
6943
6992
7020
7042
7076
7093
7102
7131
7245
7275
7385
7391
7451
7525
7618
7691
7696
7746
7828
7878
7880
8089
8254
8254
8364
8435
8551
8570
8672
8811
8963
9059
9133
9203
9236
9478
9570
9583
9682
9810
9830
9982
