117
189
195
231
237
301
425
439
716
764
775
802
858
871
1177
1229
1285
1331
1343
1351
1382
1464
1610
1626
1716
1821
1825
1835
1872
1909
2054
2074
2123
2205
2213
2266
2269
2335
2339
2429
2451
2457
2472
2504
2505
2589
2630
2633
2702
2724
2859
2909
2991
3050
3064
3183
3217
3235
3310
3335
3418
3570
3623
3647
3695
3711
3787
3805
3835
3835
3860
3943
3946
4141
4150
4171
4184
4191
4326
4390
4422
4429
4516
4554
4572
4579
4632
4667
4717
4859
4869
4881
4906
4909
4952
4964
4967
5047
5181
5366
5374
5395
5511
5512
5536
5558
5650
5653
5684
5714
5785
5792
5904
5930
5987
6051
6075
6103
6148
6160
6162
6201
6201
6267
6298
6338
6346
6384
6393
6459
6500
6501
6576
6599
6654
6678
6746
6752
6801
6879
6992
7020
7034
7047
7076
7093
7102
7131
7224
7245
7246
7268
7361
7364
7385
7392
7441
7525
7599
7618
7691
7696
7746
7817
7840
7852
7880
8006
8089
8147
8254
8283
8293
8364
8435
8495
8520
8613
8707
8788
8947
8951
8963
8978
8994
9133
9203
9236
9308
9356
9478
9481
9520
9570
9583
9682
9785
9794
9810
9830
