66
71
277
279
352
382
486
513
630
682
752
759
787
805
810
880
919
1047
1083
1150
1267
1276
1314
1316
1479
1526
1573
1585
1629
1648
1649
1704
1757
1798
1799
1810
1853
1903
1937
1955
2057
2078
2114
2121
2127
2141
2200
2243
2304
2394
2537
2617
2640
2657
2833
2856
2876
2878
2960
3002
3005
3036
3098
3122
3200
3266
3637
3682
3688
3720
3735
3764
3772
3783
3821
3843
3869
3925
3928
3970
3977
3987
4150
4186
4286
4418
4446
4493
4563
4611
4661
4667
4697
4778
4813
4982
5013
5161
5174
5313
5377
5379
5412
5418
5500
5586
5658
5662
5704
5739
5792
5811
5977
5999
6021
6212
6248
6299
6352
6399
6480
6541
6557
6572
6573
6611
6665
6666
6682
6701
6769
6780
6781
6909
6943
7027
7037
7042
7076
7140
7152
7167
7181
7216
7275
7279
7286
7293
7313
7325
7337
7391
7451
7461
7465
7508
7628
7719
7828
7850
7878
7880
7946
8001
8063
8117
8129
8174
8219
8254
8271
8385
8447
8514
8551
8570
8637
8672
8683
8695
8708
8738
8784
8811
8851
8914
9059
9175
9203
9241
9317
9394
9532
9646
9847
9879
9928
9949
9971
9982
